  100
    0
   28
 9230
 4501
 33
 1008
  222
 1029
    3
 1029
 1851
 2262
 3756
 4398
 1168
 6588
 2067
 3808
 6769
 2342
 5955
 7749
 7922
 8734
 8061
  124
 1524
 5678
 7390
 9238
 4343
 5779
 3134
 3510
 7863
 9983
 3508
 9899
  724
 9188
 4161
  626
 9059
 3078
 5739
 4909
 2005
 1933
 3381
  446
 8600
 6216
 7112
 7704
 1069
 9191
 2767
  604
 3976
 7293
 9449
 5235
 3246
 7207
 1298
  436
 8783
 5842
 5006
 4298
  394
 8328
 5068
 1532
 2438
 2505
  378
 5275
 6965
 3393
 3393
 8908
 6990
 5930
 4373
 5409
 5110
 6347
 2481
 5881
 6856
 9951
 3832
 4392
 6089
 5057
   79
 1266
 6110
 4419
